Initial solution:

[7.1, -3.05, 3.47, -0.67, -9.93, -1.91, -7.91]
[9.98, 3.91, 2.82, -2.01, 8.06, 8.29, 1.9]
[5.75, 4.4, 2.07, -9.82, 5.27, 1.33, 0.11]
[1.73, 3.42, -5.41, 8.66, -5.55, 1.73, 7.48]
[5.53, -0.29, -9.28, 4.33, -9.59, 9.27, -6.47]


Mutated solution:

[ 11.804  15.434  13.292 -10.268  11.942  -4.868  13.292]
[-6.243  0.917  6.245  3.703  5.057  9.454  6.245]
[-11.511  -7.831   4.967   7.946   6.416   9.044   4.967]
[ 7.379 14.519  9.803 -3.132 -4.696 -8.307  9.803]
[  3.248  18.058  13.9   -17.264 -11.165  -3.098  13.9  ]


Selection:

--------------------------------------------------------------------------------

[ 7.1  -3.05  3.47  9.01 -9.93 -1.91 -7.91]


[ 9.98  3.91  2.82 -2.01  8.06  8.29  1.9 ]


[5.75  4.4   2.07  1.52  5.27  7.514 0.11 ]


[ 1.73   3.42  -5.41   3.546 -5.55   1.73   7.48 ]


[-4.736 -0.29  -9.28   4.33  -9.59   3.001 -6.47 ]


